27 0.4640625 0.36171875 0.1609375 0.2671875
12 0.46171875 0.409375 0.0265625 0.1
28 0.478125 0.446875 0.440625 0.89375
30 0.41875 0.30859375 0.028125 0.109375
34 0.44296875 0.30859375 0.0265625 0.109375
31 0.49765625 0.4109375 0.0265625 0.096875
33 0.434375 0.409375 0.0265625 0.0921875
0 0.40703125 0.409375 0.0265625 0.1
1 0.51171875 0.30859375 0.0234375 0.103125
1 0.4890625 0.30859375 0.0265625 0.103125
29 0.5265625 0.409375 0.0234375 0.1
4 0.4875 0.30859375 0.0265625 0.103125
33 0.40703125 0.409375 0.0265625 0.0921875