28 0.44375 0.39453125 0.3796875 0.7890625
34 0.4234375 0.2296875 0.021875 0.096875
31 0.47265625 0.3171875 0.021875 0.0859375
12 0.43984375 0.31484375 0.0234375 0.0890625
1 0.4828125 0.2296875 0.021875 0.0890625
0 0.3890625 0.31484375 0.0234375 0.0890625
27 0.44140625 0.27734375 0.1421875 0.2453125
30 0.40078125 0.23125 0.0265625 0.1
29 0.496875 0.31484375 0.0234375 0.0890625
33 0.41640625 0.3171875 0.0234375 0.0859375
1 0.4640625 0.2296875 0.021875 0.0890625
4 0.46171875 0.2296875 0.021875 0.0890625