27 0.51484375 0.54453125 0.1609375 0.2703125
34 0.56875 0.590625 0.028125 0.0984375
30 0.46953125 0.48671875 0.028125 0.103125
23 0.45234375 0.5828125 0.0234375 0.1015625
31 0.50703125 0.584375 0.0234375 0.0984375
1 0.540625 0.5890625 0.0203125 0.096875
1 0.55859375 0.496875 0.01875 0.096875
34 0.47890625 0.584375 0.0265625 0.0984375
34 0.49296875 0.49140625 0.0234375 0.1
28 0.503125 0.48671875 0.4375 0.9734375
9 0.53359375 0.49140625 0.0265625 0.10625
21 0.5359375 0.49140625 0.0265625 0.1
22 0.53359375 0.49140625 0.0265625 0.1