28 0.43125 0.42109375 0.384375 0.8421875
30 0.4703125 0.40234375 0.021875 0.0921875
0 0.359375 0.4109375 0.0234375 0.0890625
30 0.384375 0.4078125 0.0234375 0.0890625
27 0.4109375 0.3515625 0.1484375 0.2546875
30 0.44140625 0.40234375 0.0234375 0.0859375
32 0.39296875 0.3171875 0.0234375 0.0921875
23 0.4078125 0.4078125 0.0234375 0.0890625
31 0.371875 0.31875 0.0234375 0.0890625
7 0.43359375 0.31484375 0.0234375 0.0953125
1 0.4546875 0.31328125 0.01875 0.0921875
4 0.43359375 0.3171875 0.0234375 0.1