28 0.43359375 0.41484375 0.5390625 0.8296875
23 0.43984375 0.35390625 0.04375 0.1
27 0.375 0.315625 0.2109375 0.290625
31 0.38515625 0.26953125 0.0453125 0.0984375
30 0.35390625 0.36640625 0.04375 0.090625
7 0.38515625 0.26796875 0.0453125 0.1015625
1 0.32734375 0.36875 0.0390625 0.090625
12 0.41328125 0.3609375 0.0453125 0.0984375
32 0.38046875 0.36328125 0.046875 0.09375
8 0.38359375 0.26875 0.0484375 0.1015625
31 0.32109375 0.27890625 0.0453125 0.0984375
31 0.3453125 0.27421875 0.0453125 0.0984375
1 0.40625 0.26484375 0.0421875 0.096875