28 0.4875 0.4140625 0.45625 0.8015625
23 0.51484375 0.3359375 0.034375 0.1046875
27 0.465625 0.275 0.184375 0.2953125
31 0.49140625 0.23671875 0.0359375 0.1
30 0.4265625 0.31484375 0.034375 0.09375
7 0.49140625 0.23515625 0.0359375 0.1046875
1 0.39921875 0.30703125 0.03125 0.09375
12 0.4859375 0.33203125 0.0359375 0.1
32 0.45234375 0.32109375 0.0375 0.0984375
8 0.490625 0.234375 0.0390625 0.1046875
31 0.425 0.2203125 0.0359375 0.1
31 0.45078125 0.225 0.0359375 0.1
1 0.51328125 0.23984375 0.034375 0.1