23 0.34921875 0.565625 0.0390625 0.0921875
34 0.36640625 0.47265625 0.034375 0.0921875
3 0.40234375 0.46796875 0.0359375 0.0921875
28 0.4 0.51015625 0.5203125 0.9796875
32 0.45078125 0.540625 0.0359375 0.0890625
27 0.39296875 0.50546875 0.1765625 0.265625
29 0.37265625 0.56015625 0.0359375 0.0890625
34 0.396875 0.553125 0.0375 0.0890625
1 0.4234375 0.46328125 0.034375 0.0953125
30 0.34375 0.47578125 0.0359375 0.0921875
32 0.4265625 0.5484375 0.0328125 0.0875
30 0.3484375 0.5640625 0.0390625 0.096875
1 0.42421875 0.5484375 0.0328125 0.0875