23 0.403125 0.41796875 0.0484375 0.0859375
34 0.459375 0.34765625 0.04375 0.084375
3 0.490625 0.3578125 0.046875 0.0859375
28 0.4640625 0.4390625 0.6125 0.878125
32 0.49765625 0.43828125 0.0453125 0.0828125
27 0.46640625 0.38515625 0.1953125 0.2578125
29 0.42421875 0.42265625 0.0453125 0.0828125
34 0.44765625 0.4265625 0.0484375 0.0828125
1 0.5109375 0.3625 0.0453125 0.0890625
30 0.4390625 0.34140625 0.046875 0.0859375
32 0.47421875 0.43515625 0.04375 0.08125
30 0.40390625 0.41640625 0.05 0.090625
1 0.471875 0.434375 0.04375 0.08125