23 0.284375 0.4515625 0.065625 0.1171875
0 0.3234375 0.43984375 0.0640625 0.115625
34 0.2234375 0.4671875 0.065625 0.1171875
30 0.21015625 0.36015625 0.0671875 0.121875
0 0.25625 0.4625 0.071875 0.1234375
13 0.28828125 0.33984375 0.0671875 0.121875
34 0.23828125 0.3515625 0.0703125 0.121875
27 0.27421875 0.396875 0.28125 0.3625
28 0.34375 0.4671875 0.6875 0.934375
0 0.35625 0.43125 0.0609375 0.1109375
4 0.2890625 0.340625 0.0625 0.1171875
1 0.31171875 0.33359375 0.0625 0.1171875
19 0.2890625 0.340625 0.0625 0.1171875