23 0.35 0.43359375 0.05 0.109375
0 0.3859375 0.425 0.05 0.10625
34 0.29375 0.44453125 0.05 0.109375
30 0.28359375 0.34609375 0.0515625 0.1125
0 0.32421875 0.4421875 0.05625 0.1140625
13 0.35390625 0.33046875 0.0515625 0.1125
34 0.30859375 0.3390625 0.053125 0.1125
27 0.34140625 0.38203125 0.23125 0.328125
28 0.3921875 0.4375 0.584375 0.875
0 0.415625 0.41875 0.046875 0.1015625
4 0.35546875 0.33203125 0.0484375 0.109375
1 0.37578125 0.3265625 0.0484375 0.109375
19 0.35546875 0.33203125 0.0484375 0.109375