23 0.3578125 0.35078125 0.046875 0.1203125
0 0.396875 0.34453125 0.046875 0.1171875
34 0.2953125 0.359375 0.046875 0.1203125
30 0.290625 0.2515625 0.046875 0.1234375
0 0.328125 0.35859375 0.0515625 0.125
13 0.36953125 0.2390625 0.046875 0.1234375
34 0.31953125 0.2453125 0.05 0.1234375
27 0.35234375 0.2953125 0.23125 0.35625
28 0.4109375 0.41640625 0.5625 0.8328125
0 0.42890625 0.3390625 0.04375 0.1125
4 0.37109375 0.240625 0.04375 0.11875
1 0.39296875 0.2359375 0.04375 0.11875
19 0.37109375 0.240625 0.04375 0.11875