23 0.5234375 0.37265625 0.021875 0.0921875
28 0.4546875 0.40625 0.421875 0.8125
7 0.4890625 0.2890625 0.021875 0.0890625
31 0.43984375 0.37109375 0.0234375 0.0890625
12 0.49765625 0.37421875 0.021875 0.0890625
12 0.5109375 0.2890625 0.0203125 0.0890625
30 0.428125 0.28359375 0.021875 0.0921875
27 0.4703125 0.328125 0.14375 0.2484375
23 0.4140625 0.36953125 0.0234375 0.0859375
19 0.4890625 0.28515625 0.021875 0.0890625
31 0.4640625 0.37265625 0.021875 0.0859375
34 0.4515625 0.28359375 0.021875 0.0921875