34 0.4875 0.64375 0.028125 0.1140625
27 0.5109375 0.68828125 0.1671875 0.2796875
7 0.5328125 0.64453125 0.025 0.1171875
23 0.5046875 0.7375 0.025 0.0953125
30 0.4625 0.64453125 0.028125 0.1109375
23 0.4484375 0.740625 0.028125 0.0984375
28 0.47734375 0.50546875 0.475 0.9890625
19 0.5328125 0.64453125 0.025 0.1109375
1 0.5546875 0.6453125 0.0234375 0.103125
31 0.571875 0.740625 0.025 0.0953125
33 0.540625 0.7390625 0.0234375 0.0953125
1 0.4734375 0.7390625 0.0234375 0.0953125
30 0.5328125 0.64453125 0.025 0.1109375