34 0.55859375 0.64140625 0.034375 0.1140625
27 0.584375 0.68359375 0.1828125 0.2875
7 0.603125 0.63828125 0.0328125 0.1171875
23 0.58203125 0.73203125 0.03125 0.0953125
30 0.5328125 0.64375 0.034375 0.1109375
23 0.5265625 0.73828125 0.034375 0.1
28 0.53984375 0.50703125 0.5296875 0.9859375
19 0.603125 0.63828125 0.0328125 0.109375
1 0.625 0.63828125 0.0296875 0.103125
31 0.6484375 0.73046875 0.03125 0.0953125
33 0.6171875 0.73125 0.0296875 0.0953125
1 0.5515625 0.73671875 0.0296875 0.0953125
30 0.603125 0.63828125 0.0328125 0.109375