23 0.478125 0.29921875 0.0296875 0.0984375
4 0.521875 0.29453125 0.0265625 0.1015625
12 0.48984375 0.39296875 0.03125 0.1015625
31 0.45703125 0.30234375 0.0296875 0.09375
0 0.4609375 0.39609375 0.0296875 0.0984375
1 0.54296875 0.296875 0.0265625 0.1015625
0 0.51953125 0.3890625 0.0296875 0.0984375
0 0.55234375 0.38671875 0.03125 0.0984375
28 0.51015625 0.3796875 0.4109375 0.759375
22 0.52265625 0.29609375 0.0265625 0.0984375
9 0.52265625 0.29609375 0.0265625 0.0984375
13 0.521875 0.29609375 0.0296875 0.0984375