27 0.43984375 0.68984375 0.1640625 0.278125
28 0.42890625 0.4953125 0.4765625 0.990625
7 0.46328125 0.63828125 0.028125 0.109375
30 0.38984375 0.640625 0.0265625 0.1125
34 0.415625 0.6421875 0.0265625 0.109375
1 0.4046875 0.7390625 0.021875 0.0984375
23 0.37578125 0.7390625 0.028125 0.0984375
33 0.47265625 0.7359375 0.0265625 0.0921875
23 0.43671875 0.7359375 0.0265625 0.0984375
19 0.46328125 0.63828125 0.0234375 0.109375
31 0.50234375 0.7359375 0.0203125 0.0984375
1 0.4875 0.63671875 0.021875 0.10625