28 0.40703125 0.40234375 0.4546875 0.79375
34 0.37578125 0.42890625 0.03125 0.084375
30 0.41171875 0.43046875 0.0328125 0.0765625
27 0.38984375 0.46328125 0.15625 0.2234375
31 0.43125 0.5078125 0.0296875 0.0765625
33 0.40859375 0.50546875 0.0328125 0.0703125
30 0.35625 0.43125 0.0328125 0.08125
23 0.40859375 0.50546875 0.0328125 0.0703125
23 0.33671875 0.4984375 0.0359375 0.0875
1 0.35703125 0.50078125 0.03125 0.08125
23 0.38203125 0.5015625 0.0328125 0.0703125
1 0.428125 0.43203125 0.0296875 0.0765625