27 0.5671875 0.5421875 0.23125 0.3609375
32 0.55390625 0.47734375 0.046875 0.1171875
23 0.5953125 0.6046875 0.0453125 0.1171875
28 0.63828125 0.48984375 0.6765625 0.9796875
1 0.625 0.50234375 0.0421875 0.1203125
32 0.5296875 0.5859375 0.040625 0.1125
29 0.53046875 0.47109375 0.046875 0.1171875
12 0.55625 0.59296875 0.04375 0.1140625
1 0.5015625 0.57890625 0.0421875 0.1171875
32 0.62265625 0.6140625 0.0421875 0.1109375
0 0.596875 0.490625 0.046875 0.1171875
21 0.5984375 0.49296875 0.0453125 0.1203125
9 0.5984375 0.49296875 0.0453125 0.1203125
4 0.5984375 0.49296875 0.0453125 0.1203125