27 0.53203125 0.58671875 0.23125 0.3578125
32 0.52578125 0.5234375 0.0484375 0.1140625
23 0.553125 0.65 0.0453125 0.1140625
28 0.6078125 0.5046875 0.68125 0.990625
1 0.59140625 0.55390625 0.04375 0.1171875
32 0.49140625 0.62734375 0.04375 0.1109375
29 0.503125 0.515625 0.0484375 0.1140625
12 0.5171875 0.63515625 0.0453125 0.1109375
1 0.46484375 0.615625 0.04375 0.1140625
32 0.5796875 0.6625 0.0453125 0.1078125
0 0.565625 0.54140625 0.0484375 0.1140625
21 0.56640625 0.54296875 0.046875 0.1171875
9 0.56640625 0.54296875 0.046875 0.1171875
4 0.56640625 0.54296875 0.046875 0.1171875