27 0.43125 0.55 0.2171875 0.3296875
31 0.43203125 0.59921875 0.040625 0.1125
7 0.4515625 0.49140625 0.0453125 0.1234375
23 0.36796875 0.60234375 0.0375 0.11875
1 0.5046875 0.6015625 0.0359375 0.115625
8 0.45078125 0.4890625 0.040625 0.11875
34 0.39765625 0.48984375 0.0375 0.11875
30 0.37109375 0.4890625 0.040625 0.11875
1 0.475 0.4890625 0.0375 0.11875
23 0.4 0.603125 0.040625 0.11875
32 0.46953125 0.5984375 0.040625 0.11875
3 0.4515625 0.4890625 0.0375 0.11875
28 0.4421875 0.50390625 0.609375 0.9921875