27 0.58125 0.58984375 0.221875 0.3109375
28 0.55546875 0.50390625 0.7359375 0.9921875
34 0.5703125 0.54375 0.053125 0.115625
12 0.60859375 0.65703125 0.0515625 0.1125
23 0.5109375 0.634375 0.0515625 0.109375
1 0.64296875 0.56328125 0.046875 0.1125
12 0.5703125 0.64921875 0.0515625 0.109375
30 0.54140625 0.64296875 0.0515625 0.109375
30 0.546875 0.53671875 0.053125 0.115625
31 0.63984375 0.6671875 0.0484375 0.109375
0 0.61796875 0.55546875 0.053125 0.115625
21 0.61953125 0.55546875 0.053125 0.115625