28 0.53671875 0.47109375 0.5125 0.9421875
30 0.49609375 0.78515625 0.0296875 0.0921875
34 0.52109375 0.78359375 0.028125 0.0921875
27 0.5359375 0.82109375 0.1671875 0.240625
34 0.559375 0.87109375 0.0296875 0.0890625
34 0.58671875 0.8734375 0.028125 0.0890625
30 0.4765625 0.865625 0.0296875 0.0859375
1 0.58046875 0.784375 0.0265625 0.0921875
30 0.50234375 0.86796875 0.0296875 0.0859375
3 0.5578125 0.78359375 0.028125 0.0890625
9 0.56015625 0.78359375 0.028125 0.0890625
31 0.52734375 0.86953125 0.0296875 0.0890625