23 0.409375 0.465625 0.0515625 0.0921875
30 0.4328125 0.45859375 0.0515625 0.090625
27 0.44375 0.40703125 0.2046875 0.2609375
31 0.51328125 0.43828125 0.0515625 0.09375
12 0.48671875 0.4453125 0.0515625 0.09375
30 0.390625 0.3828125 0.0546875 0.09375
34 0.41328125 0.375 0.0546875 0.09375
12 0.45625 0.45390625 0.0515625 0.090625
1 0.47109375 0.3578125 0.0515625 0.09375
28 0.4359375 0.42578125 0.653125 0.8515625
9 0.4515625 0.36015625 0.0515625 0.09375
21 0.45 0.36328125 0.053125 0.096875
12 0.40859375 0.465625 0.05 0.0875