23 0.4171875 0.4609375 0.0359375 0.09375
30 0.44140625 0.459375 0.0390625 0.0921875
27 0.46171875 0.4109375 0.171875 0.253125
31 0.5265625 0.45703125 0.0390625 0.09375
12 0.49765625 0.4578125 0.0390625 0.09375
30 0.41328125 0.3765625 0.040625 0.0953125
34 0.43671875 0.3734375 0.040625 0.0953125
12 0.46640625 0.46015625 0.0390625 0.0921875
1 0.4984375 0.36875 0.0390625 0.09375
28 0.45390625 0.4234375 0.5328125 0.8359375
9 0.478125 0.36796875 0.0390625 0.09375
21 0.4765625 0.36953125 0.0390625 0.096875
12 0.415625 0.4609375 0.0375 0.0875