34 0.51796875 0.42734375 0.0328125 0.1078125
30 0.49296875 0.42734375 0.034375 0.1109375
27 0.53984375 0.4765625 0.190625 0.303125
31 0.51328125 0.525 0.034375 0.1046875
31 0.48671875 0.528125 0.0375 0.1078125
1 0.6046875 0.5234375 0.0296875 0.1
32 0.540625 0.52578125 0.0328125 0.096875
1 0.58671875 0.428125 0.03125 0.103125
1 0.540625 0.52421875 0.0328125 0.09375
9 0.5625 0.4265625 0.034375 0.1078125
29 0.578125 0.5234375 0.0328125 0.096875
22 0.5609375 0.42578125 0.0328125 0.1046875
21 0.5625 0.4265625 0.034375 0.1