34 0.5515625 0.3828125 0.0359375 0.109375
30 0.5265625 0.38046875 0.0390625 0.115625
27 0.56875 0.4375 0.2015625 0.3125
31 0.5359375 0.4828125 0.0375 0.1078125
31 0.5078125 0.48203125 0.0390625 0.1125
1 0.6296875 0.4921875 0.0328125 0.103125
32 0.56328125 0.4875 0.034375 0.0984375
1 0.621875 0.39140625 0.0328125 0.10625
1 0.56328125 0.48515625 0.034375 0.0953125
9 0.59765625 0.3890625 0.0375 0.1125
29 0.6015625 0.48984375 0.034375 0.0984375
22 0.59609375 0.3875 0.0359375 0.10625
21 0.59765625 0.3890625 0.0359375 0.103125