30 0.51328125 0.5 0.0375 0.109375
12 0.50234375 0.596875 0.0359375 0.1015625
27 0.56328125 0.54609375 0.18125 0.2859375
12 0.60546875 0.509375 0.0328125 0.0953125
34 0.53203125 0.596875 0.0328125 0.1015625
34 0.53828125 0.50234375 0.03125 0.10625
12 0.5921875 0.6015625 0.03125 0.1015625
34 0.6234375 0.603125 0.03125 0.0984375
32 0.55859375 0.596875 0.0328125 0.1015625
28 0.56015625 0.44609375 0.5359375 0.8609375
19 0.58046875 0.50546875 0.0359375 0.1015625
9 0.58046875 0.50546875 0.0359375 0.1015625