23 0.49453125 0.48359375 0.0234375 0.0890625
27 0.43828125 0.440625 0.1484375 0.2484375
31 0.41171875 0.48828125 0.0234375 0.0921875
1 0.48203125 0.39765625 0.01875 0.0890625
0 0.384375 0.48984375 0.0234375 0.0890625
0 0.46953125 0.48671875 0.0234375 0.0890625
1 0.421875 0.40078125 0.021875 0.0828125
29 0.4375 0.48828125 0.0234375 0.0859375
7 0.4609375 0.39921875 0.0234375 0.0921875
31 0.39921875 0.39765625 0.0234375 0.0890625
4 0.4609375 0.39921875 0.0234375 0.0921875
28 0.43359375 0.42109375 0.371875 0.7953125