12 0.40703125 0.6421875 0.0265625 0.103125
27 0.47421875 0.59375 0.1734375 0.278125
28 0.4671875 0.48359375 0.4390625 0.9671875
12 0.53046875 0.65 0.0234375 0.0984375
23 0.503125 0.6484375 0.0234375 0.103125
33 0.4375 0.6421875 0.028125 0.103125
0 0.46640625 0.64375 0.0265625 0.0984375
31 0.51875 0.54921875 0.0265625 0.103125
30 0.4265625 0.53984375 0.0234375 0.0890625
3 0.49609375 0.54765625 0.0265625 0.10625
0 0.45234375 0.54140625 0.0234375 0.0921875
31 0.49765625 0.54921875 0.0265625 0.103125