29 0.4140625 0.39609375 0.0390625 0.1109375
30 0.34921875 0.40078125 0.040625 0.1171875
30 0.35703125 0.2875 0.0390625 0.128125
28 0.4328125 0.49453125 0.590625 0.9890625
27 0.415625 0.3390625 0.2015625 0.3390625
34 0.37890625 0.39921875 0.0390625 0.1140625
34 0.38203125 0.284375 0.0375 0.1203125
29 0.48359375 0.3875 0.0375 0.1171875
7 0.43515625 0.2796875 0.0375 0.1171875
33 0.453125 0.39140625 0.0359375 0.1109375
1 0.4609375 0.2796875 0.034375 0.1234375
19 0.434375 0.2796875 0.034375 0.1171875