12 0.4359375 0.4078125 0.046875 0.0828125
28 0.48359375 0.3984375 0.5671875 0.796875
32 0.5015625 0.42578125 0.04375 0.0828125
30 0.46875 0.3390625 0.0453125 0.0859375
27 0.48984375 0.38515625 0.1828125 0.240625
34 0.48828125 0.34453125 0.0453125 0.0859375
12 0.52109375 0.35234375 0.04375 0.0890625
12 0.47578125 0.42109375 0.04375 0.0796875
30 0.521875 0.42890625 0.04375 0.0890625
32 0.45546875 0.41328125 0.04375 0.0828125
1 0.53671875 0.359375 0.04375 0.084375
13 0.5203125 0.3546875 0.04375 0.084375