30 0.3671875 0.56015625 0.05 0.1140625
28 0.421875 0.503125 0.603125 0.99375
33 0.45859375 0.67265625 0.04375 0.0984375
27 0.4078125 0.6125 0.215625 0.3109375
23 0.42890625 0.66875 0.04375 0.1015625
34 0.39375 0.5640625 0.046875 0.109375
1 0.46171875 0.57421875 0.046875 0.10625
3 0.4359375 0.5734375 0.046875 0.109375
1 0.39140625 0.66171875 0.0390625 0.090625
23 0.3671875 0.65703125 0.04375 0.0984375
31 0.3390625 0.65 0.0484375 0.10625
30 0.3390625 0.65 0.0453125 0.1
19 0.4359375 0.571875 0.046875 0.1125