30 0.33515625 0.53671875 0.0484375 0.1125
28 0.3890625 0.50078125 0.609375 0.9984375
33 0.42890625 0.64765625 0.04375 0.0953125
27 0.37734375 0.5875 0.215625 0.303125
23 0.39921875 0.64375 0.04375 0.0984375
34 0.3609375 0.54140625 0.0453125 0.10625
1 0.4296875 0.54921875 0.0453125 0.103125
3 0.40390625 0.55 0.0453125 0.10625
1 0.36171875 0.6375 0.040625 0.0890625
23 0.33828125 0.63203125 0.04375 0.0953125
31 0.31015625 0.6265625 0.046875 0.1046875
30 0.31015625 0.6265625 0.046875 0.0984375
19 0.40390625 0.5484375 0.046875 0.1109375