12 0.39140625 0.44765625 0.0328125 0.084375
28 0.42109375 0.40546875 0.4421875 0.8109375
32 0.46328125 0.44140625 0.03125 0.084375
30 0.39296875 0.3703125 0.03125 0.0875
27 0.43359375 0.40625 0.1515625 0.2265625
34 0.41328125 0.36796875 0.03125 0.0875
12 0.44765625 0.36328125 0.0296875 0.090625
12 0.4359375 0.44609375 0.0296875 0.0796875
30 0.48515625 0.4359375 0.0296875 0.090625
32 0.41328125 0.44609375 0.03125 0.084375
1 0.4671875 0.36328125 0.0296875 0.0875
13 0.4484375 0.36484375 0.0296875 0.0875