28 0.446875 0.41953125 0.496875 0.8390625
27 0.434375 0.45546875 0.1765625 0.2453125
34 0.39140625 0.42421875 0.040625 0.084375
23 0.4109375 0.42109375 0.0390625 0.08125
23 0.43828125 0.49140625 0.0359375 0.084375
12 0.48828125 0.48359375 0.034375 0.0765625
0 0.39296875 0.50078125 0.040625 0.084375
31 0.41640625 0.496875 0.0359375 0.0765625
1 0.465625 0.41328125 0.0375 0.0875
3 0.4421875 0.41484375 0.0390625 0.0875
1 0.46640625 0.48828125 0.0328125 0.0765625
17 0.4421875 0.41484375 0.0390625 0.0875