28 0.44453125 0.465625 0.6984375 0.93125
12 0.37734375 0.31484375 0.059375 0.1046875
27 0.3640625 0.26640625 0.246875 0.3203125
12 0.35390625 0.3234375 0.0578125 0.103125
34 0.328125 0.3328125 0.05625 0.1015625
0 0.43828125 0.29453125 0.0515625 0.0953125
30 0.30546875 0.2375 0.0609375 0.1078125
1 0.36875 0.21796875 0.05625 0.1046875
1 0.38984375 0.2078125 0.053125 0.0984375
4 0.36875 0.21796875 0.05625 0.1046875
32 0.409375 0.30390625 0.05625 0.1015625
34 0.32890625 0.23359375 0.059375 0.1046875