28 0.54609375 0.49375 0.5953125 0.9875
27 0.52109375 0.178125 0.19375 0.3
30 0.4671875 0.13828125 0.0375 0.109375
1 0.49375 0.2296875 0.034375 0.103125
1 0.56015625 0.2234375 0.034375 0.0984375
34 0.48984375 0.1328125 0.034375 0.103125
23 0.46484375 0.2359375 0.0375 0.109375
12 0.5625 0.1234375 0.0375 0.0984375
23 0.5234375 0.2265625 0.0375 0.109375
3 0.53828125 0.125 0.0390625 0.10625
12 0.53984375 0.1265625 0.0375 0.103125
31 0.58984375 0.21484375 0.0375 0.103125
19 0.53984375 0.1265625 0.0375 0.103125