28 0.5015625 0.50234375 0.559375 0.9953125
27 0.48515625 0.26328125 0.1796875 0.278125
30 0.43359375 0.22109375 0.034375 0.1046875
1 0.4578125 0.309375 0.0328125 0.096875
1 0.52109375 0.31171875 0.0328125 0.09375
34 0.45625 0.2171875 0.0328125 0.096875
23 0.4296875 0.3140625 0.034375 0.1046875
12 0.52578125 0.21484375 0.034375 0.09375
23 0.4875 0.309375 0.034375 0.1046875
3 0.50234375 0.215625 0.0375 0.1
12 0.50390625 0.2171875 0.034375 0.096875
31 0.55 0.30546875 0.034375 0.096875
19 0.50390625 0.2171875 0.034375 0.096875