28 0.4625 0.4609375 0.634375 0.909375
30 0.42421875 0.50546875 0.040625 0.1109375
29 0.45390625 0.6078125 0.040625 0.1078125
0 0.48359375 0.60234375 0.040625 0.1078125
34 0.45078125 0.50703125 0.0390625 0.1078125
27 0.478125 0.55390625 0.2109375 0.303125
29 0.42265625 0.60703125 0.04375 0.1109375
32 0.546875 0.60390625 0.0390625 0.1078125
1 0.5171875 0.603125 0.0390625 0.1109375
12 0.521875 0.50390625 0.0375 0.1
4 0.4984375 0.5078125 0.040625 0.1078125
1 0.54765625 0.6015625 0.0359375 0.1046875
32 0.5171875 0.603125 0.0390625 0.1046875