28 0.43203125 0.43515625 0.6359375 0.8671875
30 0.39296875 0.46875 0.04375 0.1078125
29 0.42109375 0.565625 0.0421875 0.1046875
0 0.45 0.559375 0.0421875 0.1046875
34 0.41953125 0.46640625 0.040625 0.1046875
27 0.44609375 0.51171875 0.2109375 0.2984375
29 0.38984375 0.56875 0.0453125 0.1078125
32 0.5125 0.5546875 0.040625 0.1046875
1 0.4828125 0.55625 0.040625 0.1078125
12 0.48828125 0.4578125 0.0390625 0.0984375
4 0.465625 0.46484375 0.0421875 0.1046875
1 0.51328125 0.553125 0.0375 0.1
32 0.4828125 0.55625 0.040625 0.1015625