28 0.409375 0.48515625 0.78125 0.965625
30 0.38203125 0.52734375 0.0640625 0.1125
29 0.42734375 0.6203125 0.0625 0.109375
0 0.45546875 0.60859375 0.0625 0.109375
34 0.4078125 0.52109375 0.0609375 0.109375
27 0.4421875 0.5625 0.259375 0.3296875
29 0.3984375 0.62734375 0.065625 0.1125
32 0.515625 0.59453125 0.0609375 0.109375
1 0.48671875 0.6015625 0.0609375 0.1125
12 0.475 0.50234375 0.05625 0.1015625
4 0.45234375 0.51171875 0.0625 0.109375
1 0.51640625 0.59296875 0.05625 0.1046875
32 0.48671875 0.6015625 0.059375 0.1046875