28 0.34921875 0.49921875 0.6984375 0.9984375
23 0.3671875 0.66171875 0.05625 0.109375
27 0.375 0.60859375 0.2484375 0.3390625
30 0.3875 0.55234375 0.05625 0.1140625
19 0.3875 0.55234375 0.05625 0.1140625
0 0.3421875 0.57109375 0.05625 0.1140625
32 0.43125 0.6375 0.0578125 0.1078125
2 0.4125 0.540625 0.0578125 0.1171875
31 0.40078125 0.64921875 0.05625 0.109375
9 0.41171875 0.5421875 0.05625 0.1140625
32 0.31484375 0.58359375 0.053125 0.109375
0 0.33828125 0.678125 0.0546875 0.10625
4 0.41171875 0.5421875 0.05625 0.1140625
19 0.41171875 0.5421875 0.05625 0.1140625