28 0.44296875 0.43671875 0.6453125 0.8734375
29 0.46171875 0.2828125 0.0609375 0.1125
27 0.38984375 0.26171875 0.23125 0.30625
12 0.3453125 0.3234375 0.0578125 0.10625
23 0.37421875 0.31484375 0.0546875 0.103125
32 0.43125 0.290625 0.0609375 0.1125
32 0.39765625 0.30625 0.05625 0.103125
31 0.33515625 0.23125 0.053125 0.0984375
0 0.35546875 0.22421875 0.0515625 0.0921875
1 0.4203125 0.19921875 0.0546875 0.103125
7 0.39765625 0.2109375 0.05625 0.103125
30 0.33359375 0.23046875 0.0546875 0.096875
4 0.3984375 0.2125 0.0578125 0.10625