28 0.47421875 0.42421875 0.4796875 0.828125
29 0.53828125 0.32421875 0.040625 0.1046875
27 0.4875 0.27265625 0.178125 0.271875
12 0.4265625 0.30390625 0.0375 0.1
23 0.453125 0.31015625 0.034375 0.096875
32 0.5109375 0.315625 0.040625 0.1046875
32 0.4765625 0.3140625 0.0375 0.096875
31 0.45390625 0.22109375 0.034375 0.09375
0 0.47421875 0.225 0.0328125 0.0859375
1 0.5375 0.23359375 0.034375 0.096875
7 0.5140625 0.2328125 0.0375 0.096875
30 0.453125 0.21953125 0.0359375 0.0890625
4 0.5140625 0.23515625 0.0375 0.1