23 0.28984375 0.1890625 0.059375 0.1109375
28 0.37265625 0.4265625 0.6578125 0.8453125
12 0.30078125 0.2921875 0.0625 0.1140625
12 0.271875 0.2984375 0.0578125 0.1078125
29 0.396875 0.26875 0.059375 0.1140625
27 0.3234375 0.2265625 0.259375 0.3453125
34 0.36484375 0.27890625 0.059375 0.1140625
12 0.359375 0.17421875 0.053125 0.103125
3 0.3359375 0.17890625 0.053125 0.103125
31 0.26796875 0.1953125 0.059375 0.1140625
33 0.3359375 0.17890625 0.053125 0.103125
32 0.32890625 0.28515625 0.065625 0.1203125
19 0.3359375 0.17890625 0.053125 0.103125
32 0.30234375 0.2921875 0.0625 0.1140625