12 0.30546875 0.4765625 0.0640625 0.1125
23 0.3375 0.471875 0.065625 0.115625
30 0.2875 0.37734375 0.0671875 0.115625
27 0.35078125 0.4109375 0.2640625 0.340625
28 0.38515625 0.5 0.7546875 1
34 0.31328125 0.37109375 0.0640625 0.1125
32 0.36640625 0.46796875 0.0671875 0.115625
29 0.4296875 0.446875 0.0609375 0.1046875
13 0.35859375 0.36484375 0.0640625 0.1125
4 0.35546875 0.36328125 0.0640625 0.1125
12 0.38515625 0.359375 0.0625 0.109375
1 0.40078125 0.4609375 0.0578125 0.1078125
32 0.33984375 0.47421875 0.065625 0.1125