28 0.396875 0.5 0.571875 1
27 0.36484375 0.778125 0.184375 0.275
30 0.3234375 0.725 0.0375 0.1015625
31 0.30234375 0.81796875 0.0375 0.0984375
33 0.35859375 0.8265625 0.0328125 0.0953125
1 0.3921875 0.7359375 0.03125 0.1015625
32 0.39140625 0.7359375 0.0328125 0.1015625
1 0.421875 0.83203125 0.0296875 0.09375
1 0.3921875 0.8296875 0.0296875 0.09375
0 0.32890625 0.82265625 0.0328125 0.0953125
34 0.3484375 0.73203125 0.0328125 0.1015625
32 0.41953125 0.8296875 0.0296875 0.096875
1 0.415625 0.74140625 0.03125 0.1015625