12 0.28984375 0.4703125 0.0515625 0.1109375
23 0.32265625 0.46796875 0.0546875 0.1140625
30 0.2890625 0.3703125 0.05625 0.1140625
27 0.34609375 0.40859375 0.2359375 0.3265625
28 0.35859375 0.5 0.6703125 1
34 0.31640625 0.3671875 0.0515625 0.1109375
32 0.3515625 0.465625 0.05625 0.1140625
29 0.41796875 0.44921875 0.05 0.103125
13 0.36328125 0.36328125 0.0515625 0.1109375
4 0.36015625 0.36015625 0.0515625 0.1109375
12 0.38984375 0.359375 0.0515625 0.1078125
1 0.38671875 0.46171875 0.046875 0.10625
32 0.32421875 0.46953125 0.0546875 0.1109375