28 0.3796875 0.5015625 0.546875 0.996875
27 0.3671875 0.75234375 0.1765625 0.265625
30 0.3234375 0.70546875 0.0359375 0.1
31 0.309375 0.7984375 0.0359375 0.096875
33 0.365625 0.8 0.03125 0.0921875
1 0.3921875 0.70703125 0.028125 0.0984375
32 0.390625 0.70703125 0.03125 0.0984375
1 0.42734375 0.7984375 0.028125 0.0921875
1 0.39765625 0.79921875 0.028125 0.0921875
0 0.3359375 0.8 0.03125 0.0921875
34 0.3484375 0.7078125 0.03125 0.0984375
32 0.425 0.79609375 0.028125 0.0953125
1 0.41484375 0.71015625 0.028125 0.0984375