28 0.49140625 0.475 0.5484375 0.95
23 0.4265625 0.80625 0.03125 0.1015625
23 0.5453125 0.7984375 0.03125 0.0984375
1 0.46484375 0.71484375 0.028125 0.09375
32 0.4390625 0.7140625 0.028125 0.096875
27 0.48671875 0.7515625 0.184375 0.2640625
12 0.53046875 0.70546875 0.028125 0.09375
31 0.4546875 0.80078125 0.028125 0.096875
19 0.50859375 0.70625 0.03125 0.0984375
12 0.51328125 0.7953125 0.028125 0.09375
29 0.48125 0.79921875 0.025 0.090625
3 0.50859375 0.7078125 0.03125 0.0953125
4 0.50859375 0.70625 0.03125 0.0984375