28 0.48671875 0.48046875 0.5796875 0.953125
23 0.38203125 0.796875 0.0359375 0.096875
23 0.49296875 0.81171875 0.0359375 0.0921875
1 0.4296875 0.71796875 0.0328125 0.0890625
32 0.40546875 0.7125 0.0328125 0.0921875
27 0.44453125 0.75625 0.190625 0.25625
12 0.49140625 0.721875 0.0328125 0.0890625
31 0.40859375 0.79765625 0.0328125 0.0921875
19 0.47109375 0.71796875 0.0359375 0.0921875
12 0.46328125 0.803125 0.0328125 0.0890625
29 0.43359375 0.80078125 0.03125 0.0859375
3 0.47109375 0.71953125 0.0359375 0.0890625
4 0.47109375 0.71796875 0.0359375 0.0921875