31 0.3640625 0.48359375 0.0390625 0.1046875
30 0.37734375 0.57265625 0.0421875 0.1078125
27 0.425 0.52578125 0.2046875 0.3015625
28 0.43828125 0.48671875 0.5703125 0.9734375
34 0.41015625 0.57109375 0.040625 0.1078125
1 0.45703125 0.4671875 0.0359375 0.1078125
31 0.440625 0.56640625 0.0390625 0.0984375
3 0.43125 0.4703125 0.0390625 0.1109375
31 0.38828125 0.47890625 0.0390625 0.1046875
4 0.43125 0.471875 0.0375 0.1078125
32 0.46953125 0.5609375 0.0390625 0.0984375
19 0.43125 0.471875 0.0375 0.1078125