28 0.4421875 0.4984375 0.75 0.996875
27 0.4125 0.56328125 0.259375 0.3359375
29 0.43984375 0.6234375 0.0625 0.11875
33 0.4078125 0.6140625 0.0578125 0.1078125
30 0.37578125 0.49453125 0.0625 0.1078125
1 0.47421875 0.52109375 0.0625 0.125
33 0.40234375 0.50078125 0.059375 0.1078125
0 0.37734375 0.60625 0.0640625 0.115625
12 0.44921875 0.5125 0.0640625 0.121875
23 0.378125 0.49375 0.0609375 0.1109375
0 0.3453125 0.596875 0.0609375 0.1109375
33 0.3796875 0.4953125 0.059375 0.1078125
13 0.45078125 0.515625 0.0625 0.11875