28 0.3734375 0.50078125 0.66875 0.9984375
27 0.3859375 0.62734375 0.234375 0.328125
29 0.4390625 0.66875 0.0546875 0.1171875
33 0.40625 0.6734375 0.05 0.10625
30 0.32109375 0.58125 0.0546875 0.1078125
1 0.421875 0.565625 0.053125 0.1234375
33 0.346875 0.5765625 0.0515625 0.10625
0 0.375 0.6796875 0.05625 0.1140625
12 0.39453125 0.56796875 0.0546875 0.1203125
23 0.321875 0.5796875 0.053125 0.109375
0 0.34140625 0.68359375 0.053125 0.109375
33 0.32421875 0.58125 0.0515625 0.10625
13 0.39765625 0.56953125 0.0546875 0.1171875