28 0.4109375 0.5046875 0.5375 0.990625
27 0.39765625 0.640625 0.196875 0.3109375
29 0.4390625 0.69609375 0.0375 0.1171875
33 0.4046875 0.690625 0.034375 0.10625
30 0.3453125 0.57890625 0.0390625 0.10625
1 0.4484375 0.5890625 0.0359375 0.1234375
33 0.371875 0.58203125 0.0359375 0.10625
0 0.371875 0.68828125 0.0390625 0.1125
12 0.421875 0.5859375 0.0390625 0.1203125
23 0.346875 0.5765625 0.0359375 0.109375
0 0.3375 0.68359375 0.0359375 0.109375
33 0.34921875 0.57890625 0.0359375 0.10625
13 0.42421875 0.5875 0.0375 0.1171875