12 0.4890625 0.41953125 0.0640625 0.1203125
33 0.52890625 0.4125 0.0578125 0.1125
27 0.4765625 0.36484375 0.271875 0.35
1 0.5140625 0.3015625 0.059375 0.11875
33 0.45703125 0.42578125 0.0625 0.1171875
31 0.4265625 0.4328125 0.0671875 0.125
32 0.56015625 0.40703125 0.0609375 0.1171875
7 0.4890625 0.30390625 0.0640625 0.1203125
30 0.48984375 0.30625 0.065625 0.1234375
28 0.5046875 0.5 0.775 1
34 0.43984375 0.315625 0.0625 0.1234375
30 0.4125 0.31796875 0.065625 0.1234375
19 0.4890625 0.30390625 0.0640625 0.1203125
4 0.4875 0.30703125 0.065625 0.1234375