12 0.4265625 0.37578125 0.065625 0.1234375
33 0.465625 0.3671875 0.0578125 0.115625
27 0.4125 0.32109375 0.275 0.365625
1 0.4515625 0.25546875 0.0609375 0.1234375
33 0.39453125 0.38359375 0.0640625 0.1203125
31 0.36328125 0.39296875 0.0671875 0.128125
32 0.496875 0.359375 0.0609375 0.1203125
7 0.42421875 0.26015625 0.065625 0.1234375
30 0.425 0.2609375 0.065625 0.1265625
28 0.45546875 0.49921875 0.7828125 0.9984375
34 0.37578125 0.27265625 0.0640625 0.1265625
30 0.3484375 0.27734375 0.065625 0.1265625
19 0.42421875 0.26015625 0.065625 0.1234375
4 0.42265625 0.26171875 0.065625 0.1265625