27 0.453125 0.48671875 0.11875 0.2015625
28 0.45234375 0.36484375 0.3203125 0.7296875
0 0.41015625 0.51484375 0.01875 0.0734375
0 0.43046875 0.51640625 0.0171875 0.0703125
30 0.4203125 0.446875 0.01875 0.0703125
33 0.49609375 0.52109375 0.0171875 0.0734375
34 0.43828125 0.44921875 0.0171875 0.065625
1 0.4734375 0.5234375 0.015625 0.06875
1 0.4875 0.45390625 0.0171875 0.0703125
33 0.49609375 0.51953125 0.0171875 0.0703125
15 0.47265625 0.45390625 0.0171875 0.06875
0 0.45 0.52109375 0.01875 0.06875