23 0.47109375 0.42421875 0.028125 0.078125
33 0.52578125 0.41171875 0.0296875 0.0859375
28 0.47265625 0.4203125 0.4421875 0.840625
34 0.4484375 0.353125 0.0265625 0.0796875
32 0.5 0.41796875 0.0296875 0.0828125
1 0.5015625 0.33984375 0.0265625 0.0828125
27 0.4703125 0.3859375 0.1421875 0.2234375
4 0.48515625 0.34453125 0.028125 0.0890625
30 0.4296875 0.35859375 0.0296875 0.0859375
14 0.4859375 0.34453125 0.0296875 0.0828125
31 0.45234375 0.43046875 0.028125 0.078125
30 0.4328125 0.43515625 0.0296875 0.0828125