23 0.4546875 0.453125 0.0359375 0.078125
33 0.51015625 0.4421875 0.0359375 0.0859375
28 0.45625 0.4375 0.5125 0.875
34 0.43359375 0.38125 0.034375 0.0828125
32 0.484375 0.44765625 0.0359375 0.0828125
1 0.4890625 0.36796875 0.034375 0.0859375
27 0.45546875 0.41484375 0.1609375 0.225
4 0.47109375 0.37265625 0.034375 0.0890625
30 0.41484375 0.38515625 0.0359375 0.0859375
14 0.47265625 0.37265625 0.0359375 0.0828125
31 0.43515625 0.46015625 0.0359375 0.078125
30 0.415625 0.4640625 0.0359375 0.0828125