23 0.4671875 0.40625 0.040625 0.0765625
33 0.51953125 0.415625 0.0421875 0.0828125
28 0.47734375 0.41640625 0.5765625 0.8328125
34 0.4765625 0.334375 0.040625 0.0796875
32 0.49375 0.41171875 0.0421875 0.0796875
1 0.52890625 0.3421875 0.040625 0.0828125
27 0.48203125 0.371875 0.1734375 0.23125
4 0.51171875 0.33984375 0.0421875 0.0859375
30 0.45859375 0.33203125 0.0421875 0.0828125
14 0.51328125 0.33984375 0.0421875 0.0796875
31 0.44921875 0.40625 0.040625 0.0765625
30 0.4296875 0.403125 0.0421875 0.0796875