27 0.496875 0.428125 0.1625 0.2296875
28 0.50078125 0.37890625 0.4078125 0.7515625
30 0.51953125 0.46484375 0.0296875 0.0765625
32 0.4703125 0.45234375 0.0328125 0.0765625
3 0.51796875 0.39296875 0.0296875 0.0765625
1 0.44765625 0.453125 0.028125 0.075
32 0.4640625 0.384375 0.03125 0.0828125
32 0.4921875 0.45859375 0.03125 0.0828125
32 0.48515625 0.38671875 0.028125 0.075
12 0.5375 0.39609375 0.0296875 0.0765625
32 0.54140625 0.4703125 0.03125 0.0703125
1 0.48515625 0.38671875 0.028125 0.075
3 0.51796875 0.39296875 0.0296875 0.0765625