27 0.54765625 0.3859375 0.2234375 0.2671875
28 0.55703125 0.37734375 0.5890625 0.7546875
30 0.56328125 0.42890625 0.05 0.0828125
32 0.51328125 0.4046875 0.053125 0.0828125
3 0.57734375 0.3546875 0.05 0.0828125
1 0.490625 0.40078125 0.0484375 0.08125
32 0.52421875 0.334375 0.053125 0.0890625
32 0.53515625 0.41640625 0.053125 0.0890625
32 0.54453125 0.340625 0.0484375 0.08125
12 0.59765625 0.3625 0.05 0.0828125
32 0.58359375 0.43828125 0.0515625 0.0765625
1 0.54453125 0.340625 0.0484375 0.08125
3 0.57734375 0.3546875 0.05 0.0828125