34 0.39453125 0.3640625 0.0484375 0.10625
32 0.46328125 0.4484375 0.046875 0.1015625
12 0.46171875 0.35390625 0.046875 0.0984375
19 0.43671875 0.3578125 0.0484375 0.10625
34 0.49453125 0.4453125 0.04375 0.0984375
23 0.43046875 0.453125 0.046875 0.0953125
30 0.37109375 0.36796875 0.0484375 0.10625
30 0.4296875 0.45078125 0.0484375 0.1
28 0.4125 0.4484375 0.584375 0.890625
27 0.425 0.40234375 0.2078125 0.2984375
34 0.42890625 0.4515625 0.046875 0.0984375
29 0.40390625 0.46640625 0.04375 0.0921875
30 0.40390625 0.46484375 0.04375 0.0890625
12 0.3765625 0.46953125 0.0453125 0.096875