27 0.56328125 0.34453125 0.1984375 0.2765625
33 0.615625 0.39921875 0.0390625 0.090625
34 0.53203125 0.3796875 0.0421875 0.0953125
1 0.61328125 0.3109375 0.040625 0.09375
1 0.58515625 0.39765625 0.0375 0.090625
31 0.5296875 0.28984375 0.040625 0.0890625
28 0.5859375 0.4265625 0.55 0.853125
31 0.55234375 0.2953125 0.0421875 0.0921875
0 0.503125 0.3734375 0.040625 0.084375
0 0.55625 0.38828125 0.0390625 0.090625
7 0.5921875 0.30546875 0.0421875 0.0984375
19 0.5921875 0.30546875 0.0421875 0.0984375