28 0.4640625 0.459375 0.521875 0.903125
12 0.46015625 0.59765625 0.0328125 0.1046875
23 0.44765625 0.67265625 0.0328125 0.090625
27 0.48671875 0.6296875 0.1765625 0.2453125
33 0.4484375 0.67421875 0.0328125 0.0875
1 0.5265625 0.58828125 0.03125 0.0953125
34 0.5375 0.6671875 0.0296875 0.084375
32 0.43515625 0.59609375 0.0328125 0.090625
12 0.50234375 0.58984375 0.03125 0.0953125
12 0.43515625 0.59609375 0.034375 0.1046875
13 0.503125 0.59140625 0.03125 0.0984375
32 0.50234375 0.66953125 0.0296875 0.084375