27 0.6234375 0.67890625 0.1859375 0.25625
28 0.6203125 0.46953125 0.696875 0.9390625
0 0.56328125 0.71328125 0.034375 0.0890625
23 0.60390625 0.63515625 0.0359375 0.0953125
30 0.61640625 0.72421875 0.0359375 0.0921875
9 0.64375 0.640625 0.0375 0.0953125
31 0.58984375 0.72265625 0.0375 0.0921875
29 0.5796875 0.63203125 0.0375 0.0984375
1 0.67109375 0.65078125 0.0359375 0.0921875
29 0.64921875 0.7296875 0.034375 0.084375
29 0.67890625 0.7375 0.0359375 0.0921875
5 0.6453125 0.6421875 0.0359375 0.0921875