27 0.38203125 0.56640625 0.2078125 0.2859375
28 0.37890625 0.49296875 0.6015625 0.9828125
30 0.328125 0.52734375 0.05 0.103125
23 0.35859375 0.6109375 0.05 0.103125
33 0.44609375 0.60078125 0.046875 0.0953125
34 0.38671875 0.6078125 0.0484375 0.0953125
34 0.35234375 0.52265625 0.046875 0.0953125
29 0.42109375 0.60546875 0.046875 0.0984375
32 0.3328125 0.6171875 0.053125 0.103125
32 0.41328125 0.51171875 0.04375 0.0875
1 0.4125 0.51171875 0.04375 0.0859375
15 0.38984375 0.51328125 0.046875 0.0953125