27 0.38515625 0.5359375 0.228125 0.303125
28 0.3796875 0.48828125 0.66875 0.9765625
30 0.32734375 0.5046875 0.0578125 0.1046875
23 0.36484375 0.584375 0.0578125 0.1046875
33 0.45234375 0.56328125 0.053125 0.096875
34 0.39296875 0.578125 0.0546875 0.096875
34 0.35234375 0.49609375 0.053125 0.096875
29 0.42734375 0.5703125 0.0546875 0.1
32 0.3375 0.59453125 0.059375 0.10625
32 0.4140625 0.47734375 0.0515625 0.090625
1 0.41328125 0.478125 0.0484375 0.090625
15 0.38984375 0.48203125 0.053125 0.096875