28 0.46171875 0.44375 0.4109375 0.8875
27 0.47890625 0.496875 0.1578125 0.275
23 0.44609375 0.54609375 0.0234375 0.096875
34 0.4578125 0.45234375 0.0265625 0.10625
7 0.503125 0.45859375 0.0234375 0.10625
30 0.41953125 0.54765625 0.0265625 0.10625
1 0.5234375 0.45859375 0.021875 0.10625
30 0.43671875 0.45078125 0.0265625 0.1015625
33 0.53671875 0.55078125 0.0234375 0.0921875
29 0.47421875 0.54765625 0.0265625 0.0921875
1 0.50625 0.55078125 0.0203125 0.0921875
19 0.503125 0.45703125 0.0234375 0.103125