28 0.56484375 0.40234375 0.3328125 0.8046875
27 0.55078125 0.33828125 0.140625 0.2546875
34 0.53203125 0.296875 0.0203125 0.0921875
29 0.521875 0.378125 0.0234375 0.0828125
12 0.58984375 0.30234375 0.0234375 0.0890625
29 0.5 0.378125 0.0265625 0.0890625
32 0.59609375 0.3859375 0.0234375 0.0859375
19 0.56875 0.30234375 0.0234375 0.0890625
32 0.54375 0.378125 0.0234375 0.0828125
30 0.5109375 0.29375 0.0265625 0.0921875
1 0.5734375 0.384375 0.01875 0.0828125
29 0.521875 0.378125 0.0234375 0.0828125