28 0.5671875 0.49765625 0.6 0.9953125
27 0.596875 0.78203125 0.203125 0.309375
34 0.5984375 0.83515625 0.0375 0.115625
1 0.53359375 0.840625 0.0328125 0.11875
23 0.63828125 0.8328125 0.034375 0.115625
12 0.5640625 0.8390625 0.0375 0.1125
33 0.67109375 0.83125 0.0328125 0.1078125
32 0.56796875 0.7265625 0.034375 0.115625
1 0.646875 0.721875 0.0328125 0.115625
32 0.5390625 0.7296875 0.0375 0.1125
4 0.61796875 0.7234375 0.034375 0.115625
9 0.6171875 0.72109375 0.0375 0.11875
21 0.6171875 0.72109375 0.0375 0.11875