28 0.58984375 0.46875 0.534375 0.9375
27 0.61171875 0.75234375 0.18125 0.278125
34 0.6109375 0.80234375 0.0328125 0.10625
1 0.5515625 0.80390625 0.028125 0.109375
23 0.64765625 0.80234375 0.0296875 0.10625
12 0.57890625 0.80390625 0.0328125 0.103125
33 0.678125 0.80234375 0.028125 0.1
32 0.5859375 0.7 0.0296875 0.10625
1 0.65859375 0.7 0.028125 0.10625
32 0.559375 0.7015625 0.0328125 0.103125
4 0.63203125 0.7 0.0296875 0.10625
9 0.63125 0.69765625 0.0328125 0.109375
21 0.63125 0.69765625 0.0328125 0.109375