27 0.465625 0.559375 0.1625 0.2375
28 0.47578125 0.48984375 0.4765625 0.9546875
23 0.425 0.590625 0.0390625 0.0859375
23 0.5 0.6015625 0.034375 0.084375
12 0.4734375 0.60234375 0.0359375 0.0890625
1 0.4515625 0.51953125 0.034375 0.08125
29 0.44921875 0.59765625 0.034375 0.08125
30 0.5109375 0.528125 0.034375 0.084375
30 0.43125 0.51328125 0.0359375 0.084375
21 0.4890625 0.52265625 0.0359375 0.0890625
12 0.5 0.603125 0.0359375 0.0890625
0 0.48984375 0.525 0.034375 0.084375
33 0.51015625 0.5265625 0.034375 0.08125