27 0.465625 0.53203125 0.196875 0.253125
28 0.446875 0.4796875 0.60625 0.9515625
23 0.4421875 0.5796875 0.05 0.0890625
23 0.515625 0.5578125 0.0453125 0.0875
12 0.490625 0.56875 0.0484375 0.0921875
1 0.4359375 0.4984375 0.046875 0.0859375
29 0.46640625 0.575 0.046875 0.0859375
30 0.49296875 0.48203125 0.0453125 0.0875
30 0.415625 0.50234375 0.0484375 0.0875
21 0.4703125 0.4859375 0.0484375 0.0921875
12 0.51484375 0.559375 0.0484375 0.0921875
0 0.47265625 0.4875 0.0453125 0.0875
33 0.49140625 0.48046875 0.046875 0.0859375