9 0.4328125 0.334375 0.0203125 0.0828125
23 0.390625 0.41015625 0.0203125 0.0796875
28 0.41640625 0.3859375 0.3109375 0.75
30 0.44140625 0.40625 0.0203125 0.0796875
30 0.37890625 0.3359375 0.0203125 0.0828125
34 0.39765625 0.33515625 0.0203125 0.0796875
27 0.415625 0.36953125 0.1359375 0.2296875
31 0.4640625 0.40703125 0.0203125 0.0796875
3 0.43203125 0.334375 0.0203125 0.075
12 0.45 0.33671875 0.0203125 0.0796875
32 0.4109375 0.4078125 0.0203125 0.0796875
29 0.37109375 0.41328125 0.0203125 0.0796875