27 0.4484375 0.5203125 0.15625 0.2421875
28 0.453125 0.47421875 0.43125 0.921875
23 0.40546875 0.55546875 0.034375 0.0890625
23 0.48515625 0.5625 0.0296875 0.0890625
12 0.45625 0.56484375 0.03125 0.0921875
1 0.4328125 0.478125 0.03125 0.084375
29 0.43046875 0.5609375 0.03125 0.084375
30 0.4953125 0.484375 0.0296875 0.0890625
30 0.41171875 0.47421875 0.03125 0.0890625
21 0.471875 0.48046875 0.03125 0.0921875
12 0.484375 0.5640625 0.03125 0.0921875
0 0.47265625 0.48203125 0.0296875 0.0890625
33 0.49453125 0.4828125 0.03125 0.084375