27 0.528125 0.5859375 0.203125 0.328125
28 0.49921875 0.49609375 0.5828125 0.9921875
29 0.51171875 0.634375 0.0359375 0.1046875
30 0.471875 0.534375 0.040625 0.11875
34 0.57734375 0.6265625 0.0390625 0.1078125
31 0.47890625 0.6375 0.0390625 0.1109375
29 0.50078125 0.52890625 0.0359375 0.1140625
3 0.54921875 0.52265625 0.0390625 0.1171875
0 0.54375 0.6296875 0.0359375 0.1078125
9 0.54921875 0.52265625 0.0390625 0.1171875
15 0.54921875 0.52265625 0.0390625 0.1171875
30 0.5734375 0.515625 0.040625 0.115625