27 0.50703125 0.49296875 0.2875 0.23125
7 0.45390625 0.51953125 0.0546875 0.0875
31 0.53359375 0.47890625 0.05 0.078125
34 0.5109375 0.48984375 0.046875 0.078125
16 0.4625 0.42734375 0.925 0.8546875
33 0.534375 0.48046875 0.046875 0.075
30 0.41171875 0.5453125 0.0515625 0.0859375
30 0.4875 0.50078125 0.0515625 0.0796875
23 0.5625 0.4625 0.046875 0.078125
1 0.4328125 0.53359375 0.0484375 0.084375
31 0.56171875 0.46015625 0.0484375 0.08125
30 0.56171875 0.46015625 0.0484375 0.08125
1 0.58515625 0.44765625 0.0453125 0.084375