27 0.54609375 0.5515625 0.2609375 0.184375
7 0.490625 0.56484375 0.0375 0.08125
31 0.5734375 0.54375 0.034375 0.075
34 0.55 0.54921875 0.0328125 0.0734375
16 0.49609375 0.41796875 0.8515625 0.83125
33 0.57421875 0.5453125 0.0328125 0.0703125
30 0.446875 0.5796875 0.0359375 0.08125
30 0.52578125 0.5546875 0.0375 0.075
23 0.60390625 0.534375 0.0328125 0.0734375
1 0.46875 0.5734375 0.03125 0.08125
31 0.60390625 0.5328125 0.0328125 0.078125
30 0.60390625 0.5328125 0.0328125 0.078125
1 0.628125 0.525 0.028125 0.08125