27 0.571875 0.50546875 0.253125 0.1671875
7 0.515625 0.5078125 0.0359375 0.078125
31 0.6 0.503125 0.0328125 0.071875
34 0.5765625 0.50390625 0.03125 0.071875
16 0.55078125 0.3796875 0.8234375 0.7546875
33 0.60078125 0.5046875 0.03125 0.0671875
30 0.46953125 0.51328125 0.034375 0.078125
30 0.55234375 0.50546875 0.0359375 0.071875
23 0.63203125 0.49921875 0.03125 0.071875
1 0.49140625 0.51328125 0.0296875 0.078125
31 0.63203125 0.49765625 0.03125 0.075
30 0.63203125 0.49765625 0.03125 0.075
1 0.65703125 0.49453125 0.028125 0.078125